ply
format ascii 1.0
element vertex 2048
comment vertices
property float x
property float y
property float z
end_header
0.170424878597259521 0.42885822057723999 0.433874189853668213
0.270345330238342285 0.23422694206237793 0.670468449592590332
0.2669525146484375 0.395426124334335327 0.00705904234200716019
0.344809889793395996 0.207461699843406677 0.582238316535949707
0.0941262692213058472 0.422189950942993164 0.509942412376403809
0.500195205211639404 0.0626070126891136169 0.23276209831237793
-0.0336158126592636108 -0.483098328113555908 0.348498702049255371
-0.399787724018096924 0.129855319857597351 0.523131370544433594
0.193756520748138428 0.204683095216751099 0.812396705150604248
0.258497327566146851 0.328488290309906006 0.542357921600341797
0.324023127555847168 -0.103101149201393127 0.708312034606933594
0.318994879722595215 0.220953360199928284 0.6092032790184021
0.0863639265298843384 -0.315453290939331055 0.742234468460083008
-0.460009098052978516 0.182130873203277588 0.0491643510758876801
-0.412901878356933594 0.184951826930046082 0.442995548248291016
-0.054661821573972702 0.298048406839370728 0.771277308464050293
0.332189470529556274 -0.380017071962356567 0.206456497311592102
-0.491492658853530884 -0.0251959320157766342 0.333551853895187378
0.386267721652984619 0.264561057090759277 0.406151682138442993
-0.178461551666259766 0.385744094848632812 0.528756618499755859
0.187470525503158569 -0.0976019352674484253 0.92936098575592041
-0.48025435209274292 0.147126272320747375 0.0704949721693992615
0.0412201695144176483 0.500625669956207275 0.270077347755432129
0.415107250213623047 -0.278672635555267334 0.269089460372924805
-0.468749701976776123 -0.139065146446228027 0.029323183000087738
-0.490898162126541138 -0.124634444713592529 0.0845100283622741699
0.311167091131210327 -0.222270399332046509 0.619374513626098633
0.093093574047088623 0.374128103256225586 0.615425229072570801
-0.508797347545623779 0.00140268867835402489 0.0999092236161231995
-0.322581708431243896 -0.390218734741210938 0.262026071548461914
0.119958028197288513 0.403372198343276978 0.540290594100952148
0.0688519924879074097 0.437031865119934082 0.487690001726150513
-0.0280671808868646622 -0.385076612234115601 0.606445193290710449
0.318908154964447021 0.374260604381561279 0.0471091307699680328
-0.0329199805855751038 -0.402455836534500122 0.570496201515197754
-0.401734530925750732 -0.0350584760308265686 0.577381134033203125
-0.298769861459732056 -0.0540041439235210419 0.78628849983215332
-0.138335764408111572 -0.485540062189102173 0.259148389101028442
-0.359263718128204346 0.276239216327667236 0.437376856803894043
0.155908435583114624 -0.485556602478027344 0.163441658020019531
0.140307009220123291 0.427564412355422974 0.468922883272171021
-0.432696282863616943 0.148424059152603149 0.428919494152069092
-0.487591028213500977 -0.115398362278938293 0.278314292430877686
-0.313204646110534668 0.161036238074302673 0.676378488540649414
0.273160696029663086 -0.269120097160339355 0.621080696582794189
-0.298424839973449707 0.380164623260498047 0.356599748134613037
0.242042094469070435 -0.291727036237716675 0.63936161994934082
-0.210570052266120911 0.460000157356262207 0.0786146298050880432
-0.191239476203918457 -0.383542239665985107 0.520538151264190674
-0.167437613010406494 -0.170123293995857239 0.879010975360870361
-0.276653409004211426 -0.431388676166534424 0.20796532928943634
-0.399581432342529297 0.159439563751220703 0.501716256141662598
-0.352196574211120605 0.377296626567840576 0.161114960908889771
-0.180204659700393677 -0.440630018711090088 0.376689791679382324
0.000374595634639263153 0.473678171634674072 0.39890626072883606
0.371203422546386719 0.0409902147948741913 0.646943569183349609
0.383773237466812134 -0.104076549410820007 0.587624192237854004
0.0204636417329311371 0.397871434688568115 0.593429684638977051
0.0391917228698730469 -0.440837323665618896 0.482942402362823486
-0.507838547229766846 -0.0447634458541870117 0.244164973497390747
-0.43210911750793457 0.250576972961425781 0.263017475605010986
-0.0547499582171440125 -0.256559461355209351 0.849867463111877441
-0.353076756000518799 0.087594449520111084 0.662382781505584717
-0.0716620683670043945 -0.387125670909881592 0.602959811687469482
-0.202375784516334534 -0.00233992002904415131 0.950486898422241211
-0.38592994213104248 0.0956808403134346008 0.579442679882049561
0.492984950542449951 0.0621787235140800476 0.275409549474716187
0.506459712982177734 0.0198051147162914276 0.2287178635597229
-0.47150576114654541 0.202310144901275635 0.150724530220031738
0.390373885631561279 -0.299878478050231934 0.0475469455122947693
0.102777242660522461 -0.394447565078735352 0.562181234359741211
0.0653402060270309448 0.395766615867614746 0.584245443344116211
0.408788919448852539 -0.244880199432373047 0.377803176641464233
0.0265702530741691589 0.364618420600891113 0.65638887882232666
0.0441177822649478912 -0.505927681922912598 0.11707991361618042
0.209237992763519287 -0.416374564170837402 0.41460263729095459
0.0327055975794792175 0.503396868705749512 0.0814773067831993103
-0.154317751526832581 0.257179856300354004 0.782456159591674805
-0.309836834669113159 0.400783181190490723 0.0804656445980072021
-0.0401881597936153412 -0.451954960823059082 0.448977053165435791
-0.224826782941818237 0.3907584547996521 0.465615719556808472
0.25103294849395752 -0.162921607494354248 0.78893733024597168
-0.431921303272247314 0.220323890447616577 0.333470165729522705
-0.206069827079772949 0.358076333999633789 0.54860687255859375
0.25739210844039917 0.0806927084922790527 0.837740778923034668
0.263180255889892578 -0.437585234642028809 0.187474325299263
-0.00430119689553976059 0.506499528884887695 0.245630770921707153
0.481503069400787354 -0.128144919872283936 0.0656295865774154663
-0.502021670341491699 0.104820698499679565 0.114985600113868713
-0.365627259016036987 0.0565193966031074524 0.642865657806396484
0.355201125144958496 -0.351782798767089844 0.27601248025894165
-0.0958041101694107056 -0.493949413299560547 0.0735601484775543213
-0.407704144716262817 0.314059048891067505 0.124603554606437683
-0.174326762557029724 0.178785026073455811 0.862682104110717773
-0.291244983673095703 0.129152119159698486 0.748289346694946289
0.118834242224693298 -0.493215978145599365 0.221548587083816528
-0.0965070277452468872 -0.473375141620635986 0.351529240608215332
-0.18449835479259491 -0.367730617523193359 0.556036829948425293
0.429786622524261475 -0.178521245718002319 0.415006667375564575
-0.279194921255111694 0.237289890646934509 0.64458918571472168
0.00344564393162727356 0.204751044511795044 0.93757551908493042
-0.158533230423927307 0.151991993188858032 0.912299633026123047
-0.114452898502349854 -0.256699085235595703 0.81115269660949707
0.0138055197894573212 0.499572515487670898 0.0705177560448646545
0.103911273181438446 0.497596442699432373 0.252370357513427734
-0.317173987627029419 0.369315445423126221 0.320034384727478027
-0.323230504989624023 -0.169092297554016113 0.661053836345672607
-0.426244199275970459 -0.213888660073280334 0.385299772024154663
-0.480622977018356323 0.178299561142921448 0.176070272922515869
0.293765664100646973 0.394892960786819458 0.306234478950500488
0.228496581315994263 -0.446527361869812012 0.0724817961454391479
-0.474472790956497192 0.126164287328720093 0.0352239124476909637
-0.496301323175430298 0.0590860769152641296 0.0603076443076133728
-0.41109079122543335 0.28517565131187439 0.0545918010175228119
-0.244049400091171265 -0.430548012256622314 0.321602344512939453
-0.238753020763397217 0.426202982664108276 0.0294324606657028198
-0.132018119096755981 0.425153195858001709 0.478319019079208374
-0.24877484142780304 -0.00767643516883254051 0.869467377662658691
0.187504902482032776 0.367503583431243896 0.553035616874694824
0.323660492897033691 0.380704879760742188 0.066189207136631012
-0.190973013639450073 -0.478042364120483398 0.155354440212249756
0.170926272869110107 0.0730454027652740479 0.97804337739944458
0.299033939838409424 0.374478131532669067 0.00692549906671047211
0.314997613430023193 -0.167545929551124573 0.676416337490081787
0.0445889830589294434 -0.217491477727890015 0.909610629081726074
-0.1712331622838974 0.416000068187713623 0.47063678503036499
-0.360002040863037109 -0.357882678508758545 0.254106044769287109
0.117762617766857147 -0.47108083963394165 0.0270035415887832642
0.343391716480255127 0.374672979116439819 0.113595329225063324
0.0530552715063095093 0.241290122270584106 0.866275548934936523
0.492384731769561768 -0.114735439419746399 0.0840161144733428955
0.107342064380645752 0.457170784473419189 0.408937633037567139
-0.489067375659942627 0.146520331501960754 0.182007402181625366
0.340355008840560913 0.318242162466049194 0.405900269746780396
0.465452075004577637 -0.12272249162197113 0.013575688935816288
-0.141798704862594604 -0.26731950044631958 0.776953220367431641
-0.218433856964111328 0.083462245762348175 0.894824743270874023
0.243558645248413086 0.199541866779327393 0.765246331691741943
0.310224264860153198 -0.386501669883728027 0.305618762969970703
0.509580016136169434 0.000564319430850446224 0.174254938960075378
0.122011870145797729 0.379340589046478271 0.588632583618164062
-0.500463485717773438 0.0688470751047134399 0.275078803300857544
0.450724780559539795 -0.252952307462692261 0.170710325241088867
-0.376237690448760986 0.339982360601425171 0.259055227041244507
0.0453155413269996643 0.194516658782958984 0.940935492515563965
-0.361815065145492554 0.365869700908660889 0.118221953511238098
-0.296218365430831909 0.41756969690322876 0.161731302738189697
-0.443193256855010986 -0.083070024847984314 0.467162042856216431
-0.48281484842300415 -0.120386302471160889 0.0560567229986190796
-0.396924793720245361 0.193679273128509521 0.472985923290252686
-0.369205355644226074 0.327100872993469238 0.0430206060409545898
-0.429162442684173584 -0.265104115009307861 0.0952568575739860535
0.474405735731124878 0.160876184701919556 0.0842798501253128052
-0.00128239160403609276 0.41004103422164917 0.563446879386901855
0.355180799961090088 0.109745785593986511 0.645890951156616211
-0.403141587972640991 -0.308181136846542358 0.133110910654067993
-0.379822969436645508 -0.271396487951278687 0.408040493726730347
-0.259512901306152344 0.0657167360186576843 0.841261506080627441
-0.376239150762557983 -0.258047699928283691 0.445976018905639648
-0.109735772013664246 -0.395021945238113403 0.560235381126403809
-0.196944758296012878 -0.424033999443054199 0.421603143215179443
0.360854506492614746 0.35204547643661499 0.212976247072219849
0.47919735312461853 -0.164311021566390991 0.275828123092651367
-0.154662996530532837 -0.439111858606338501 0.42744976282119751
-0.173312842845916748 -0.353423953056335449 0.590485692024230957
0.420428752899169922 -0.212093248963356018 0.397959321737289429
-0.164859145879745483 -0.487999141216278076 0.193146944046020508
-0.116757005453109741 0.498581349849700928 0.204748272895812988
0.189280644059181213 -0.470582574605941772 0.120976909995079041
-0.191522717475891113 -0.228269144892692566 0.781580269336700439
-0.283565670251846313 0.157695919275283813 0.727732956409454346
0.290318965911865234 -0.410778522491455078 0.272586137056350708
-0.420750439167022705 -0.287146389484405518 0.115315571427345276
-0.148671343922615051 0.434173524379730225 0.440329551696777344
0.32531660795211792 -0.364341259002685547 0.343126565217971802
-0.284841865301132202 -0.413098394870758057 0.0718492567539215088
-0.271525949239730835 0.333025813102722168 0.50381702184677124
0.259614884853363037 -0.434923946857452393 0.223704099655151367
-0.412857562303543091 -0.261531978845596313 0.0346222855150699615
0.245869427919387817 0.44482874870300293 0.198212146759033203
0.132964998483657837 -0.128729209303855896 0.979736924171447754
0.433273136615753174 -0.232593238353729248 0.0392303913831710815
-0.490564614534378052 -0.0597656220197677612 0.0435558557510375977
0.238066449761390686 0.449912071228027344 0.129147142171859741
0.0208067856729030609 0.508841514587402344 0.111668318510055542
0.111748933792114258 0.500417470932006836 0.18692508339881897
0.308405756950378418 0.0985487401485443115 0.748659849166870117
-0.447099030017852783 -0.224771231412887573 0.277250438928604126
0.128370136022567749 0.495801359415054321 0.145648270845413208
-0.107416123151779175 -0.220557659864425659 0.876074373722076416
-0.341127216815948486 -0.365971893072128296 0.0737564116716384888
0.345555365085601807 -0.119950369000434875 0.652570843696594238
0.16230909526348114 -0.484537482261657715 0.204842060804367065
-0.173067167401313782 0.45119968056678772 0.361948251724243164
-0.215430259704589844 -0.439939558506011963 0.338412761688232422
0.463582217693328857 0.210981190204620361 0.137437596917152405
0.478317022323608398 0.166289091110229492 0.2108498215675354
0.443754345178604126 -0.256056427955627441 0.208512187004089355
-0.153497621417045593 -0.242910623550415039 0.805761754512786865
0.439325630664825439 -0.0916585326194763184 0.472177982330322266
0.484156548976898193 0.122483164072036743 0.0739870667457580566
-0.323643863201141357 0.171211659908294678 0.646396398544311523
0.222688347101211548 -0.125219643115997314 0.86248171329498291
-0.259044110774993896 0.441482603549957275 0.165280863642692566
-0.239183947443962097 0.449592113494873047 0.114988453686237335
-0.271979600191116333 -0.165395841002464294 0.758108139038085938
-0.0273172687739133835 0.291622400283813477 0.794907808303833008
0.462831795215606689 0.16393965482711792 0.307006567716598511
-0.218580186367034912 0.271740734577178955 0.680913567543029785
0.292222112417221069 0.41669011116027832 0.105635717511177063
-0.317549645900726318 -0.129923447966575623 0.719677746295928955
0.411275148391723633 0.293603301048278809 0.105834014713764191
0.453930854797363281 -0.0739496946334838867 0.438497185707092285
0.459707736968994141 -0.163374185562133789 0.342502087354660034
-0.485861480236053467 0.0769029408693313599 0.322633028030395508
0.234746426343917847 0.433268338441848755 0.0430378951132297516
-0.272724062204360962 -0.315692603588104248 0.536106646060943604
-0.364320933818817139 0.105157777667045593 0.627322137355804443
0.431755214929580688 0.198651999235153198 0.0126678608357906342
-0.350391149520874023 0.04540262371301651 0.67680436372756958
0.215347826480865479 0.393251568078994751 0.458120673894882202
-0.187478244304656982 -0.274307727813720703 0.716621756553649902
0.14785689115524292 -0.466447055339813232 0.0323050804436206818
-0.0805063545703887939 0.506639599800109863 0.191037029027938843
-0.254767119884490967 -0.436021566390991211 0.27350229024887085
0.46991199254989624 0.0920121073722839355 0.0100321676582098007
-0.0274675693362951279 -0.364759147167205811 0.658857345581054688
-0.231531590223312378 0.412940323352813721 0.38483765721321106
-0.506939172744750977 0.0671509131789207458 0.121494710445404053
-0.30391356348991394 -0.394075095653533936 0.321008801460266113
0.399000287055969238 -0.321325063705444336 0.123999305069446564
-0.379427671432495117 -0.324844926595687866 0.071605980396270752
0.124652363359928131 -0.462430834770202637 0.376040756702423096
-0.0798657685518264771 0.503260374069213867 0.119902282953262329
-0.116679087281227112 0.494673788547515869 0.240900591015815735
-0.477778136730194092 0.0245684236288070679 0.00654114037752151489
-0.409931361675262451 -0.300048142671585083 0.206416666507720947
0.477433443069458008 0.00499421823769807816 0.00773772411048412323
-0.20937657356262207 -0.127949133515357971 0.884353518486022949
-0.429888010025024414 -0.106045246124267578 0.488502621650695801
-0.504336118698120117 -0.040114283561706543 0.0843310803174972534
0.481645435094833374 0.167715907096862793 0.182065218687057495
0.299573719501495361 -0.40365976095199585 0.0930013954639434814
-0.194066315889358521 -0.0538243651390075684 0.958627164363861084
-0.316707193851470947 0.0278105828911066055 0.752051949501037598
0.423817992210388184 -0.291089028120040894 0.120104968547821045
0.0202781129628419876 0.512495458126068115 0.140317261219024658
0.297029048204421997 -0.203971713781356812 0.664018929004669189
0.129184037446975708 -0.483355104923248291 0.0757042020559310913
-0.0162824578583240509 -0.511693477630615234 0.182572275400161743
-0.288411498069763184 -0.374214053153991699 0.400537669658660889
0.382331907749176025 0.333894491195678711 0.188472434878349304
0.416776180267333984 0.263562381267547607 0.304950118064880371
-0.275079458951950073 -0.406517684459686279 0.338637650012969971
-0.343435704708099365 -0.338536381721496582 0.356005162000656128
0.457095563411712646 -0.224542319774627686 0.105199284851551056
0.182906627655029297 0.473453998565673828 0.20429740846157074
-0.0734893530607223511 -0.450882315635681152 0.435778826475143433
0.502176821231842041 0.0337674878537654877 0.261236131191253662
-0.201697468757629395 -0.307839453220367432 0.643580913543701172
0.212045952677726746 0.383879721164703369 0.485865354537963867
-0.464293032884597778 -0.213489741086959839 0.153587773442268372
-0.425001204013824463 0.280926942825317383 0.212016463279724121
-0.464583873748779297 0.150371789932250977 0.0280654523521661758
0.211988791823387146 0.463503360748291016 0.182667732238769531
0.284668415784835815 -0.281012475490570068 0.5797119140625
-0.188393652439117432 0.476654857397079468 0.135810598731040955
0.199160277843475342 -0.369237840175628662 0.549481034278869629
0.313944190740585327 0.39416879415512085 0.0874707847833633423
-0.396831810474395752 0.305390417575836182 0.272069960832595825
0.293520331382751465 0.0741266459226608276 0.780563235282897949
0.225160717964172363 -0.277399748563766479 0.68143618106842041
-0.472399622201919556 -0.0739163309335708618 0.376720130443572998
-0.373061776161193848 -0.0165735278278589249 0.640389204025268555
0.384949415922164917 0.31013643741607666 0.0588610954582691193
0.245039209723472595 -0.24028661847114563 0.706298887729644775
0.24402773380279541 0.390326380729675293 0.432143509387969971
-0.31987038254737854 -0.248735934495925903 0.56603550910949707
-0.503506958484649658 -0.112630486488342285 0.172442585229873657
0.421002447605133057 0.027570188045501709 0.535275459289550781
0.124659150838851929 0.464266717433929443 0.0113110421225428581
-0.249945282936096191 0.391469299793243408 0.413086235523223877
-0.450008749961853027 -0.204995378851890564 0.308405786752700806
-0.337389051914215088 0.182399541139602661 0.60646522045135498
-0.10419870913028717 0.443323612213134766 0.453374743461608887
-0.317074447870254517 0.0732717141509056091 0.739358067512512207
-0.398501098155975342 -0.106876961886882782 0.558889925479888916
-0.289812594652175903 -0.37700265645980835 0.00672044465318322182
0.240776896476745605 0.0657506659626960754 0.872458696365356445
-0.235713541507720947 -0.10254824161529541 0.863924264907836914
0.06708526611328125 0.482750505208969116 0.35625380277633667
0.316410720348358154 -0.263691544532775879 0.555046319961547852
-0.25434267520904541 0.0331854112446308136 0.862944722175598145
-0.435133457183837891 -0.275116980075836182 0.143440589308738708
0.453767240047454834 -0.153678655624389648 0.3843841552734375
0.321255713701248169 0.353000283241271973 0.00821898505091667175
0.0771911963820457458 -0.240498185157775879 0.867201685905456543
-0.429477572441101074 0.284463942050933838 0.149943992495536804
0.260029584169387817 -0.182303890585899353 0.751959919929504395
0.122949853539466858 0.149771973490715027 0.956579864025115967
0.418708562850952148 0.211088433861732483 0.404422223567962646
-0.0250917114317417145 -0.248114079236984253 0.876128077507019043
0.0458462536334991455 -0.507305502891540527 0.144762724637985229
-0.233387649059295654 -0.462076663970947266 0.158567234873771667
-0.489296108484268188 -0.0853991657495498657 0.308594495058059692
0.19891059398651123 0.313007354736328125 0.643291711807250977
0.478240042924880981 -0.093721337616443634 0.356115013360977173
0.207611113786697388 0.284946441650390625 0.681002974510192871
0.127771288156509399 -0.296774685382843018 0.754358947277069092
-0.0636193454265594482 -0.231299474835395813 0.888029217720031738
0.160850614309310913 0.282209157943725586 0.739693522453308105
-0.113157548010349274 0.149766266345977783 0.976838231086730957
0.331769466400146484 0.0537992492318153381 0.72378772497177124
0.382112443447113037 0.30156707763671875 0.0318159908056259155
0.211401835083961487 -0.306282520294189453 0.657210290431976318
0.283372879028320312 -0.23656444251537323 0.645971834659576416
-0.270473450422286987 -0.215609431266784668 0.692786037921905518
0.268677800893783569 0.416455984115600586 0.288403451442718506
0.441912829875946045 -0.00931085273623466492 0.486589044332504272
-0.315309017896652222 0.330790072679519653 0.427835404872894287
-0.0322739183902740479 0.191131263971328735 0.952901601791381836
0.244429558515548706 0.367116451263427734 0.484382569789886475
-0.390758663415908813 -0.220687970519065857 0.464685410261154175
-0.32395896315574646 -0.394075095653533936 0.123866245150566101
0.0431552156805992126 0.488487303256988525 0.330418050289154053
-0.211459353566169739 0.444138169288635254 0.0393900424242019653
0.284124016761779785 -0.156402125954627991 0.737708687782287598
0.12954537570476532 -0.478544324636459351 0.302582502365112305
-0.361062228679656982 -0.160735130310058594 0.594084739685058594
0.00817496702075004578 -0.509705424308776855 0.103712022304534912
-0.379765868186950684 0.304224669933319092 0.0273928754031658173
-0.318336844444274902 0.387068331241607666 0.262626975774765015
-0.386050939559936523 -0.305896908044815063 0.0417834334075450897
0.489167630672454834 -0.136989086866378784 0.107665203511714935
0.00739726657047867775 -0.435201525688171387 0.493658006191253662
0.493417620658874512 0.0989038944244384766 0.22306998074054718
-0.133199587464332581 -0.134795665740966797 0.976499199867248535
0.0977279320359230042 0.393489480018615723 0.567681670188903809
0.0728089958429336548 -0.409551024436950684 0.544569015502929688
0.131177663803100586 -0.252847641706466675 0.811056375503540039
-0.0527796968817710876 -0.321782231330871582 0.740877509117126465
0.244445741176605225 0.296447664499282837 0.618651151657104492
-0.121228039264678955 0.259643673896789551 0.803887367248535156
0.30284157395362854 -0.0121189812198281288 0.781670689582824707
-0.380624979734420776 0.285527169704437256 0.00536119425669312477
0.495386511087417603 0.0240816399455070496 0.294745862483978271
0.0996570363640785217 0.50209963321685791 0.154858261346817017
0.0304367579519748688 -0.48938143253326416 0.0352422334253787994
-0.152072221040725708 -0.448890656232833862 0.397994279861450195
-0.477151334285736084 0.184787154197692871 0.203874170780181885
0.19461783766746521 -0.394300341606140137 0.499893069267272949
0.34738004207611084 -0.0202021840959787369 0.694931864738464355
0.222213298082351685 0.455418288707733154 0.107798308134078979
-0.369349837303161621 0.301682561635971069 0.00699600484222173691
-0.174360483884811401 0.362258076667785645 0.573226094245910645
0.0774796158075332642 0.196950733661651611 0.925573050975799561
-0.372025430202484131 -0.315419882535934448 0.334707349538803101
-0.0191132538020610809 -0.218995898962020874 0.920308470726013184
0.049261823296546936 0.474078893661499023 0.00771376723423600197
-0.170405805110931396 -0.0857537910342216492 0.977354168891906738
0.0773424208164215088 -0.504382312297821045 0.153126895427703857
-0.358101010322570801 -0.239876031875610352 0.51323401927947998
-0.43988153338432312 -0.121096223592758179 0.449148356914520264
-0.394741058349609375 -0.141565501689910889 0.541856527328491211
0.438363790512084961 -0.257866382598876953 0.0952250510454177856
0.0962456762790679932 -0.417333841323852539 0.518634140491485596
0.0749147385358810425 0.505128622055053711 0.133291050791740417
-0.189581587910652161 0.0716390833258628845 0.95205080509185791
-0.232053756713867188 0.307320237159729004 0.605449080467224121
-0.393572300672531128 0.0353343039751052856 0.58842778205871582
-0.279561698436737061 0.399740993976593018 0.0273154266178607941
0.187526166439056396 0.175690010190010071 0.85589832067489624
0.0546378940343856812 0.512031733989715576 0.16345486044883728
0.239755481481552124 -0.21834111213684082 0.740148842334747314
-0.282965898513793945 0.275839328765869141 0.577820658683776855
0.475452423095703125 -0.127622008323669434 0.0373325124382972717
-0.240412592887878418 0.0846432149410247803 0.861450076103210449
0.480284035205841064 0.083279438316822052 0.336528539657592773
-0.439048558473587036 0.244386851787567139 0.0692533776164054871
0.191053718328475952 -0.0095662260428071022 0.965874433517456055
-0.270244061946868896 0.389852225780487061 0.375194579362869263
-